,Age,Survived,x0_female,x0_male,x1_C,x1_Q,x1_S
0,22.0,0,0.0,1.0,0.0,0.0,1.0
1,38.0,2,1.0,0.0,1.0,0.0,0.0
2,26.0,2,1.0,0.0,0.0,0.0,1.0
3,35.0,2,1.0,0.0,0.0,0.0,1.0
4,35.0,0,0.0,1.0,0.0,0.0,1.0
5,28.0,0,0.0,1.0,0.0,1.0,0.0
6,54.0,0,0.0,1.0,0.0,0.0,1.0
7,2.0,0,0.0,1.0,0.0,0.0,1.0
8,27.0,2,1.0,0.0,0.0,0.0,1.0
9,14.0,2,1.0,0.0,1.0,0.0,0.0
10,4.0,1,1.0,0.0,0.0,0.0,1.0
11,58.0,2,1.0,0.0,0.0,0.0,1.0
12,20.0,0,0.0,1.0,0.0,0.0,1.0
13,39.0,0,0.0,1.0,0.0,0.0,1.0
14,14.0,0,1.0,0.0,0.0,0.0,1.0
15,55.0,1,1.0,0.0,0.0,0.0,1.0
16,2.0,0,0.0,1.0,0.0,1.0,0.0
17,28.0,2,0.0,1.0,0.0,0.0,1.0
18,31.0,0,1.0,0.0,0.0,0.0,1.0
19,28.0,2,1.0,0.0,1.0,0.0,0.0
20,35.0,1,0.0,1.0,0.0,0.0,1.0
21,34.0,2,0.0,1.0,0.0,0.0,1.0
22,15.0,2,1.0,0.0,0.0,1.0,0.0
23,28.0,2,0.0,1.0,0.0,0.0,1.0
24,8.0,0,1.0,0.0,0.0,0.0,1.0
25,38.0,1,1.0,0.0,0.0,0.0,1.0
26,28.0,0,0.0,1.0,1.0,0.0,0.0
27,19.0,0,0.0,1.0,0.0,0.0,1.0
28,28.0,2,1.0,0.0,0.0,1.0,0.0
29,28.0,0,0.0,1.0,0.0,0.0,1.0
30,40.0,0,0.0,1.0,1.0,0.0,0.0
31,28.0,2,1.0,0.0,1.0,0.0,0.0
32,28.0,2,1.0,0.0,0.0,1.0,0.0
33,66.0,0,0.0,1.0,0.0,0.0,1.0
34,28.0,0,0.0,1.0,1.0,0.0,0.0
35,42.0,0,0.0,1.0,0.0,0.0,1.0
36,28.0,2,0.0,1.0,1.0,0.0,0.0
37,21.0,0,0.0,1.0,0.0,0.0,1.0
38,18.0,0,1.0,0.0,0.0,0.0,1.0
39,14.0,2,1.0,0.0,1.0,0.0,0.0
40,40.0,0,1.0,0.0,0.0,0.0,1.0
41,27.0,0,1.0,0.0,0.0,0.0,1.0
42,28.0,0,0.0,1.0,1.0,0.0,0.0
43,3.0,1,1.0,0.0,1.0,0.0,0.0
44,19.0,2,1.0,0.0,0.0,1.0,0.0
45,28.0,0,0.0,1.0,0.0,0.0,1.0
46,28.0,0,0.0,1.0,0.0,1.0,0.0
47,28.0,2,1.0,0.0,0.0,1.0,0.0
48,28.0,0,0.0,1.0,1.0,0.0,0.0
49,18.0,0,1.0,0.0,0.0,0.0,1.0
50,7.0,0,0.0,1.0,0.0,0.0,1.0
51,21.0,0,0.0,1.0,0.0,0.0,1.0
52,49.0,2,1.0,0.0,1.0,0.0,0.0
53,29.0,2,1.0,0.0,0.0,0.0,1.0
54,65.0,0,0.0,1.0,1.0,0.0,0.0
55,28.0,2,0.0,1.0,0.0,0.0,1.0
56,21.0,2,1.0,0.0,0.0,0.0,1.0
57,28.5,0,0.0,1.0,1.0,0.0,0.0
58,5.0,2,1.0,0.0,0.0,0.0,1.0
59,11.0,0,0.0,1.0,0.0,0.0,1.0
60,22.0,0,0.0,1.0,1.0,0.0,0.0
62,45.0,0,0.0,1.0,0.0,0.0,1.0
63,4.0,0,0.0,1.0,1.0,0.0,0.0
64,28.0,0,0.0,1.0,1.0,0.0,0.0
65,28.0,2,1.0,0.0,0.0,0.0,1.0
66,29.0,2,0.0,1.0,0.0,0.0,1.0
67,19.0,0,1.0,0.0,0.0,0.0,1.0
68,17.0,2,0.0,1.0,0.0,0.0,1.0
69,26.0,0,0.0,1.0,0.0,0.0,1.0
70,32.0,0,1.0,0.0,0.0,0.0,1.0
71,16.0,0,0.0,1.0,0.0,0.0,1.0
72,21.0,0,0.0,1.0,1.0,0.0,0.0
73,26.0,0,0.0,1.0,0.0,0.0,1.0
74,32.0,2,0.0,1.0,0.0,0.0,1.0
75,25.0,1,0.0,1.0,0.0,0.0,1.0
76,28.0,0,0.0,1.0,0.0,0.0,1.0
77,28.0,1,0.0,1.0,0.0,0.0,1.0
78,0.83,2,1.0,0.0,0.0,0.0,1.0
79,30.0,2,0.0,1.0,0.0,0.0,1.0
80,22.0,0,0.0,1.0,0.0,0.0,1.0
81,29.0,2,1.0,0.0,0.0,1.0,0.0
82,28.0,2,0.0,1.0,0.0,0.0,1.0
83,28.0,0,1.0,0.0,0.0,0.0,1.0
84,17.0,2,1.0,0.0,0.0,0.0,1.0
85,33.0,2,0.0,1.0,0.0,0.0,1.0
86,16.0,0,0.0,1.0,0.0,0.0,1.0
87,28.0,0,1.0,0.0,0.0,0.0,1.0
88,23.0,2,0.0,1.0,0.0,0.0,1.0
89,24.0,0,0.0,1.0,0.0,0.0,1.0
90,29.0,0,0.0,1.0,0.0,0.0,1.0
91,20.0,0,0.0,1.0,0.0,0.0,1.0
92,46.0,0,0.0,1.0,0.0,0.0,1.0
93,26.0,0,0.0,1.0,0.0,0.0,1.0
94,59.0,0,0.0,1.0,0.0,0.0,1.0
95,28.0,0,0.0,1.0,1.0,0.0,0.0
96,71.0,1,0.0,1.0,1.0,0.0,0.0
97,23.0,2,1.0,0.0,0.0,0.0,1.0
98,34.0,2,0.0,1.0,0.0,0.0,1.0
99,34.0,0,1.0,0.0,0.0,0.0,1.0
100,28.0,0,0.0,1.0,0.0,0.0,1.0
101,28.0,0,0.0,1.0,0.0,0.0,1.0
102,21.0,0,0.0,1.0,0.0,0.0,1.0
103,33.0,0,0.0,1.0,0.0,0.0,1.0
104,37.0,0,0.0,1.0,0.0,0.0,1.0
105,28.0,0,1.0,0.0,0.0,0.0,1.0
106,21.0,2,0.0,1.0,0.0,0.0,1.0
107,28.0,2,0.0,1.0,0.0,0.0,1.0
108,38.0,0,1.0,0.0,0.0,1.0,0.0
109,28.0,2,0.0,1.0,0.0,0.0,1.0
110,47.0,0,1.0,0.0,1.0,0.0,0.0
111,14.5,0,0.0,1.0,0.0,0.0,1.0
112,22.0,0,1.0,0.0,0.0,0.0,1.0
113,20.0,0,1.0,0.0,1.0,0.0,0.0
114,17.0,0,0.0,1.0,0.0,0.0,1.0
115,21.0,0,0.0,1.0,0.0,1.0,0.0
116,70.5,0,0.0,1.0,0.0,0.0,1.0
117,29.0,0,0.0,1.0,1.0,0.0,0.0
118,24.0,0,1.0,0.0,0.0,0.0,1.0
119,2.0,0,0.0,1.0,0.0,0.0,1.0
120,21.0,0,0.0,1.0,0.0,0.0,1.0
121,28.0,0,0.0,1.0,1.0,0.0,0.0
122,32.5,0,1.0,0.0,0.0,0.0,1.0
123,32.5,2,0.0,1.0,0.0,0.0,1.0
124,54.0,0,0.0,1.0,1.0,0.0,0.0
125,12.0,2,0.0,1.0,0.0,1.0,0.0
126,28.0,0,0.0,1.0,0.0,0.0,1.0
127,24.0,2,1.0,0.0,1.0,0.0,0.0
128,28.0,2,0.0,1.0,0.0,0.0,1.0
129,45.0,0,0.0,1.0,1.0,0.0,0.0
130,33.0,1,0.0,1.0,0.0,0.0,1.0
131,20.0,0,1.0,0.0,0.0,0.0,1.0
132,47.0,0,1.0,0.0,0.0,0.0,1.0
133,29.0,2,0.0,1.0,0.0,0.0,1.0
134,25.0,0,0.0,1.0,1.0,0.0,0.0
135,23.0,0,1.0,0.0,0.0,0.0,1.0
136,19.0,2,0.0,1.0,0.0,0.0,1.0
137,37.0,0,0.0,1.0,0.0,0.0,1.0
138,16.0,0,0.0,1.0,1.0,0.0,0.0
139,24.0,0,1.0,0.0,1.0,0.0,0.0
140,28.0,1,1.0,0.0,0.0,0.0,1.0
141,22.0,1,1.0,0.0,0.0,0.0,1.0
142,24.0,2,0.0,1.0,0.0,1.0,0.0
143,19.0,0,0.0,1.0,0.0,0.0,1.0
144,18.0,0,0.0,1.0,0.0,0.0,1.0
145,19.0,0,0.0,1.0,0.0,0.0,1.0
146,27.0,2,1.0,0.0,0.0,0.0,1.0
147,9.0,0,0.0,1.0,0.0,0.0,1.0
148,36.5,0,0.0,1.0,0.0,0.0,1.0
149,42.0,1,0.0,1.0,0.0,0.0,1.0
150,51.0,0,1.0,0.0,0.0,0.0,1.0
151,22.0,1,0.0,1.0,0.0,0.0,1.0
152,55.5,1,0.0,1.0,0.0,0.0,1.0
153,40.5,0,0.0,1.0,0.0,0.0,1.0
154,28.0,0,0.0,1.0,1.0,0.0,0.0
155,51.0,0,1.0,0.0,0.0,1.0,0.0
156,16.0,2,0.0,1.0,0.0,0.0,1.0
157,30.0,0,0.0,1.0,0.0,0.0,1.0
158,28.0,0,0.0,1.0,0.0,0.0,1.0
159,28.0,0,0.0,1.0,0.0,0.0,1.0
160,44.0,0,1.0,0.0,0.0,0.0,1.0
161,40.0,2,0.0,1.0,0.0,0.0,1.0
162,26.0,0,0.0,1.0,0.0,0.0,1.0
163,17.0,0,0.0,1.0,0.0,0.0,1.0
164,1.0,0,0.0,1.0,0.0,0.0,1.0
165,9.0,2,1.0,0.0,0.0,0.0,1.0
166,28.0,2,1.0,0.0,0.0,0.0,1.0
167,45.0,0,0.0,1.0,0.0,0.0,1.0
168,28.0,0,0.0,1.0,0.0,0.0,1.0
169,28.0,0,0.0,1.0,0.0,0.0,1.0
170,61.0,1,0.0,1.0,0.0,1.0,0.0
171,4.0,0,1.0,0.0,0.0,0.0,1.0
172,1.0,2,0.0,1.0,0.0,0.0,1.0
173,21.0,0,0.0,1.0,1.0,0.0,0.0
174,56.0,0,0.0,1.0,0.0,0.0,1.0
175,18.0,0,0.0,1.0,0.0,0.0,1.0
176,28.0,1,1.0,0.0,1.0,0.0,0.0
177,50.0,0,0.0,1.0,0.0,0.0,1.0
178,30.0,0,0.0,1.0,0.0,0.0,1.0
179,36.0,0,1.0,0.0,0.0,0.0,1.0
180,28.0,0,0.0,1.0,1.0,0.0,0.0
181,28.0,0,0.0,1.0,0.0,0.0,1.0
182,9.0,0,0.0,1.0,0.0,0.0,1.0
183,1.0,1,1.0,0.0,0.0,0.0,1.0
184,4.0,2,0.0,1.0,0.0,0.0,1.0
185,28.0,0,1.0,0.0,0.0,1.0,0.0
186,28.0,2,0.0,1.0,0.0,0.0,1.0
187,45.0,2,0.0,1.0,0.0,1.0,0.0
188,40.0,0,0.0,1.0,0.0,0.0,1.0
189,36.0,0,1.0,0.0,0.0,0.0,1.0
190,32.0,2,0.0,1.0,0.0,0.0,1.0
191,19.0,0,1.0,0.0,0.0,0.0,1.0
192,19.0,2,0.0,1.0,0.0,0.0,1.0
193,3.0,1,1.0,0.0,1.0,0.0,0.0
194,44.0,2,1.0,0.0,1.0,0.0,0.0
195,58.0,2,0.0,1.0,0.0,1.0,0.0
196,28.0,0,0.0,1.0,0.0,0.0,1.0
197,42.0,0,1.0,0.0,0.0,1.0,0.0
198,28.0,1,1.0,0.0,0.0,0.0,1.0
199,24.0,0,0.0,1.0,0.0,0.0,1.0
200,28.0,0,0.0,1.0,0.0,0.0,1.0
201,28.0,0,0.0,1.0,0.0,0.0,1.0
202,34.0,0,0.0,1.0,1.0,0.0,0.0
203,45.5,0,0.0,1.0,0.0,0.0,1.0
204,18.0,2,1.0,0.0,0.0,0.0,1.0
205,2.0,0,0.0,1.0,0.0,0.0,1.0
206,32.0,0,0.0,1.0,1.0,0.0,0.0
207,26.0,2,1.0,0.0,0.0,1.0,0.0
208,16.0,2,0.0,1.0,1.0,0.0,0.0
209,40.0,2,0.0,1.0,0.0,0.0,1.0
210,24.0,1,1.0,0.0,0.0,0.0,1.0
211,35.0,2,0.0,1.0,0.0,0.0,1.0
212,22.0,1,0.0,1.0,0.0,0.0,1.0
213,30.0,0,0.0,1.0,0.0,1.0,0.0
214,28.0,0,1.0,0.0,1.0,0.0,0.0
215,31.0,2,1.0,0.0,0.0,0.0,1.0
216,27.0,2,0.0,1.0,0.0,0.0,1.0
217,42.0,0,1.0,0.0,1.0,0.0,0.0
218,32.0,2,0.0,1.0,0.0,0.0,1.0
219,30.0,0,0.0,1.0,0.0,0.0,1.0
220,16.0,2,0.0,1.0,0.0,0.0,1.0
221,27.0,0,0.0,1.0,0.0,0.0,1.0
222,51.0,0,0.0,1.0,0.0,0.0,1.0
223,28.0,0,0.0,1.0,0.0,0.0,1.0
224,38.0,2,0.0,1.0,0.0,0.0,1.0
225,22.0,0,0.0,1.0,0.0,0.0,1.0
226,19.0,2,0.0,1.0,0.0,0.0,1.0
227,20.5,0,0.0,1.0,0.0,0.0,1.0
228,18.0,0,1.0,0.0,0.0,0.0,1.0
229,28.0,0,1.0,0.0,0.0,0.0,1.0
230,35.0,2,0.0,1.0,0.0,0.0,1.0
231,29.0,1,0.0,1.0,0.0,0.0,1.0
232,59.0,0,1.0,0.0,0.0,0.0,1.0
233,5.0,2,0.0,1.0,0.0,0.0,1.0
234,24.0,0,1.0,0.0,0.0,0.0,1.0
235,28.0,0,0.0,1.0,0.0,0.0,1.0
236,44.0,0,1.0,0.0,0.0,0.0,1.0
237,8.0,2,0.0,1.0,0.0,0.0,1.0
238,19.0,0,0.0,1.0,0.0,0.0,1.0
239,33.0,0,1.0,0.0,1.0,0.0,0.0
240,28.0,0,1.0,0.0,0.0,1.0,0.0
241,28.0,2,0.0,1.0,0.0,0.0,1.0
242,29.0,0,0.0,1.0,0.0,0.0,1.0
243,22.0,0,0.0,1.0,1.0,0.0,0.0
244,30.0,0,0.0,1.0,0.0,1.0,0.0
245,44.0,0,1.0,0.0,0.0,0.0,1.0
246,25.0,0,1.0,0.0,0.0,0.0,1.0
247,24.0,2,0.0,1.0,0.0,0.0,1.0
248,37.0,2,0.0,1.0,0.0,0.0,1.0
249,54.0,0,0.0,1.0,0.0,0.0,1.0
250,28.0,0,1.0,0.0,0.0,0.0,1.0
251,29.0,0,0.0,1.0,0.0,0.0,1.0
252,62.0,0,0.0,1.0,0.0,0.0,1.0
253,30.0,1,1.0,0.0,0.0,0.0,1.0
254,41.0,0,1.0,0.0,1.0,0.0,0.0
255,29.0,2,1.0,0.0,1.0,0.0,0.0
256,28.0,2,1.0,0.0,0.0,0.0,1.0
257,30.0,2,1.0,0.0,1.0,0.0,0.0
258,35.0,2,1.0,0.0,0.0,0.0,1.0
259,50.0,2,0.0,1.0,0.0,1.0,0.0
260,28.0,0,0.0,1.0,0.0,0.0,1.0
261,3.0,2,0.0,1.0,0.0,0.0,1.0
262,52.0,0,0.0,1.0,0.0,0.0,1.0
263,40.0,1,1.0,0.0,0.0,1.0,0.0
264,28.0,0,0.0,1.0,0.0,0.0,1.0
265,36.0,0,0.0,1.0,0.0,0.0,1.0
266,16.0,1,0.0,1.0,0.0,0.0,1.0
267,25.0,2,1.0,0.0,0.0,0.0,1.0
268,58.0,2,1.0,0.0,0.0,0.0,1.0
269,35.0,1,0.0,1.0,0.0,0.0,1.0
270,28.0,0,0.0,1.0,0.0,0.0,1.0
271,25.0,2,1.0,0.0,0.0,0.0,1.0
272,41.0,2,0.0,1.0,1.0,0.0,0.0
273,37.0,0,1.0,0.0,0.0,1.0,0.0
274,28.0,2,1.0,0.0,0.0,0.0,1.0
275,63.0,2,1.0,0.0,0.0,0.0,1.0
276,45.0,0,0.0,1.0,0.0,0.0,1.0
277,28.0,0,0.0,1.0,0.0,1.0,0.0
278,7.0,1,1.0,0.0,0.0,0.0,1.0
279,35.0,1,0.0,1.0,0.0,1.0,0.0
280,65.0,0,0.0,1.0,0.0,0.0,1.0
281,28.0,0,0.0,1.0,0.0,0.0,1.0
282,16.0,0,0.0,1.0,0.0,0.0,1.0
283,19.0,2,0.0,1.0,0.0,0.0,1.0
284,28.0,0,0.0,1.0,1.0,0.0,0.0
285,33.0,0,0.0,1.0,0.0,0.0,1.0
286,30.0,2,0.0,1.0,0.0,0.0,1.0
287,22.0,0,0.0,1.0,0.0,0.0,1.0
288,42.0,2,1.0,0.0,0.0,1.0,0.0
289,22.0,2,1.0,0.0,0.0,0.0,1.0
290,26.0,2,1.0,0.0,1.0,0.0,0.0
291,19.0,2,0.0,1.0,1.0,0.0,0.0
292,36.0,0,1.0,0.0,0.0,0.0,1.0
293,24.0,0,0.0,1.0,0.0,0.0,1.0
294,24.0,0,0.0,1.0,1.0,0.0,0.0
295,28.0,0,0.0,1.0,1.0,0.0,0.0
296,23.5,0,1.0,0.0,0.0,0.0,1.0
297,2.0,0,0.0,1.0,0.0,0.0,1.0
298,28.0,2,1.0,0.0,1.0,0.0,0.0
299,50.0,2,1.0,0.0,0.0,1.0,0.0
300,28.0,2,0.0,1.0,0.0,1.0,0.0
301,28.0,2,0.0,1.0,0.0,0.0,1.0
302,19.0,1,1.0,0.0,0.0,1.0,0.0
303,28.0,2,0.0,1.0,0.0,0.0,1.0
304,28.0,0,0.0,1.0,0.0,0.0,1.0
305,0.92,2,1.0,0.0,1.0,0.0,0.0
306,28.0,2,1.0,0.0,1.0,0.0,0.0
307,17.0,2,0.0,1.0,1.0,0.0,0.0
308,30.0,0,1.0,0.0,1.0,0.0,0.0
309,30.0,2,1.0,0.0,1.0,0.0,0.0
310,24.0,2,1.0,0.0,1.0,0.0,0.0
311,18.0,2,1.0,0.0,0.0,0.0,1.0
312,26.0,0,0.0,1.0,0.0,0.0,1.0
313,28.0,0,0.0,1.0,0.0,0.0,1.0
314,43.0,0,1.0,0.0,0.0,0.0,1.0
315,26.0,2,1.0,0.0,0.0,0.0,1.0
316,24.0,2,0.0,1.0,0.0,0.0,1.0
317,54.0,1,1.0,0.0,0.0,0.0,1.0
318,31.0,2,1.0,0.0,1.0,0.0,0.0
319,40.0,2,0.0,1.0,0.0,0.0,1.0
320,22.0,0,0.0,1.0,0.0,0.0,1.0
321,27.0,1,1.0,0.0,0.0,1.0,0.0
322,30.0,2,1.0,0.0,0.0,0.0,1.0
323,22.0,2,0.0,1.0,0.0,0.0,1.0
324,28.0,0,1.0,0.0,1.0,0.0,0.0
325,36.0,2,0.0,1.0,0.0,0.0,1.0
326,61.0,0,1.0,0.0,0.0,0.0,1.0
327,36.0,1,1.0,0.0,0.0,0.0,1.0
328,31.0,2,1.0,0.0,1.0,0.0,0.0
329,16.0,2,1.0,0.0,0.0,1.0,0.0
330,28.0,2,0.0,1.0,0.0,0.0,1.0
331,45.5,0,0.0,1.0,0.0,0.0,1.0
332,38.0,1,0.0,1.0,0.0,0.0,1.0
333,16.0,0,1.0,0.0,0.0,0.0,1.0
334,28.0,2,0.0,1.0,0.0,0.0,1.0
335,28.0,0,0.0,1.0,0.0,0.0,1.0
336,29.0,0,1.0,0.0,1.0,0.0,0.0
337,41.0,2,0.0,1.0,0.0,0.0,1.0
338,45.0,1,0.0,1.0,0.0,0.0,1.0
339,45.0,0,0.0,1.0,0.0,0.0,1.0
340,2.0,2,1.0,0.0,0.0,0.0,1.0
341,24.0,2,0.0,1.0,0.0,0.0,1.0
342,28.0,0,0.0,1.0,0.0,0.0,1.0
343,25.0,0,0.0,1.0,0.0,0.0,1.0
344,36.0,0,1.0,0.0,0.0,0.0,1.0
345,24.0,2,1.0,0.0,0.0,0.0,1.0
346,40.0,2,1.0,0.0,0.0,0.0,1.0
347,28.0,2,0.0,1.0,0.0,0.0,1.0
348,3.0,2,0.0,1.0,0.0,0.0,1.0
349,42.0,0,0.0,1.0,0.0,0.0,1.0
350,23.0,0,0.0,1.0,0.0,0.0,1.0
351,28.0,0,0.0,1.0,1.0,0.0,0.0
352,15.0,0,0.0,1.0,0.0,0.0,1.0
353,25.0,0,0.0,1.0,1.0,0.0,0.0
354,28.0,0,0.0,1.0,0.0,0.0,1.0
355,28.0,0,1.0,0.0,0.0,0.0,1.0
356,22.0,2,1.0,0.0,0.0,0.0,1.0
357,38.0,0,1.0,0.0,0.0,1.0,0.0
358,28.0,2,1.0,0.0,0.0,1.0,0.0
359,28.0,2,0.0,1.0,0.0,0.0,1.0
360,40.0,0,0.0,1.0,1.0,0.0,0.0
361,29.0,0,1.0,0.0,1.0,0.0,0.0
362,45.0,0,0.0,1.0,0.0,0.0,1.0
363,35.0,0,0.0,1.0,0.0,1.0,0.0
364,28.0,0,0.0,1.0,0.0,0.0,1.0
365,30.0,0,1.0,0.0,1.0,0.0,0.0
366,60.0,2,1.0,0.0,1.0,0.0,0.0
367,28.0,2,1.0,0.0,0.0,1.0,0.0
368,28.0,2,1.0,0.0,1.0,0.0,0.0
369,24.0,1,0.0,1.0,1.0,0.0,0.0
370,25.0,2,0.0,1.0,0.0,0.0,1.0
371,18.0,0,0.0,1.0,0.0,0.0,1.0
372,19.0,0,0.0,1.0,1.0,0.0,0.0
373,22.0,0,1.0,0.0,0.0,0.0,1.0
374,3.0,0,1.0,0.0,1.0,0.0,0.0
375,28.0,2,1.0,0.0,0.0,0.0,1.0
376,22.0,2,0.0,1.0,1.0,0.0,0.0
377,27.0,0,0.0,1.0,1.0,0.0,0.0
378,20.0,0,0.0,1.0,0.0,0.0,1.0
379,19.0,0,1.0,0.0,1.0,0.0,0.0
380,42.0,2,1.0,0.0,1.0,0.0,0.0
381,1.0,2,0.0,1.0,0.0,0.0,1.0
382,32.0,0,1.0,0.0,0.0,0.0,1.0
383,35.0,2,0.0,1.0,0.0,0.0,1.0
384,28.0,0,0.0,1.0,0.0,0.0,1.0
385,18.0,0,0.0,1.0,0.0,0.0,1.0
386,1.0,0,1.0,0.0,0.0,0.0,1.0
387,36.0,2,0.0,1.0,0.0,1.0,0.0
388,28.0,0,1.0,0.0,1.0,0.0,0.0
389,17.0,2,0.0,1.0,0.0,0.0,1.0
390,36.0,2,0.0,1.0,0.0,0.0,1.0
391,21.0,2,0.0,1.0,0.0,0.0,1.0
392,28.0,0,1.0,0.0,1.0,0.0,0.0
393,23.0,2,1.0,0.0,0.0,0.0,1.0
394,24.0,2,0.0,1.0,0.0,0.0,1.0
395,22.0,0,1.0,0.0,0.0,0.0,1.0
396,31.0,0,0.0,1.0,0.0,0.0,1.0
397,46.0,0,0.0,1.0,0.0,0.0,1.0
398,23.0,0,1.0,0.0,0.0,0.0,1.0
399,28.0,2,0.0,1.0,0.0,0.0,1.0
400,39.0,2,0.0,1.0,0.0,0.0,1.0
401,26.0,1,1.0,0.0,0.0,0.0,1.0
402,21.0,0,0.0,1.0,0.0,0.0,1.0
403,28.0,0,1.0,0.0,0.0,0.0,1.0
404,20.0,0,0.0,1.0,0.0,0.0,1.0
405,34.0,1,0.0,1.0,0.0,0.0,1.0
406,51.0,0,0.0,1.0,0.0,0.0,1.0
407,3.0,2,0.0,1.0,0.0,0.0,1.0
408,21.0,0,1.0,0.0,0.0,0.0,1.0
409,28.0,0,0.0,1.0,0.0,0.0,1.0
410,28.0,0,0.0,1.0,0.0,1.0,0.0
411,28.0,0,1.0,0.0,0.0,1.0,0.0
412,33.0,2,0.0,1.0,0.0,0.0,1.0
413,28.0,0,0.0,1.0,0.0,0.0,1.0
414,44.0,2,1.0,0.0,0.0,0.0,1.0
415,28.0,0,1.0,0.0,0.0,0.0,1.0
416,34.0,1,1.0,0.0,0.0,0.0,1.0
417,18.0,2,0.0,1.0,0.0,0.0,1.0
418,30.0,0,1.0,0.0,0.0,0.0,1.0
419,10.0,0,0.0,1.0,1.0,0.0,0.0
420,28.0,0,0.0,1.0,0.0,1.0,0.0
421,21.0,0,0.0,1.0,0.0,0.0,1.0
422,29.0,0,1.0,0.0,0.0,0.0,1.0
423,28.0,0,0.0,1.0,0.0,0.0,1.0
424,18.0,0,0.0,1.0,0.0,0.0,1.0
425,28.0,0,1.0,0.0,0.0,0.0,1.0
426,28.0,2,1.0,0.0,0.0,0.0,1.0
427,19.0,2,0.0,1.0,0.0,1.0,0.0
428,28.0,0,0.0,1.0,0.0,0.0,1.0
429,32.0,2,0.0,1.0,0.0,0.0,1.0
430,28.0,2,1.0,0.0,0.0,0.0,1.0
431,28.0,2,1.0,0.0,0.0,0.0,1.0
432,42.0,2,0.0,1.0,0.0,0.0,1.0
433,17.0,0,0.0,1.0,0.0,0.0,1.0
434,50.0,0,1.0,0.0,0.0,0.0,1.0
435,14.0,2,1.0,0.0,0.0,0.0,1.0
436,21.0,0,1.0,0.0,0.0,0.0,1.0
437,24.0,2,0.0,1.0,0.0,0.0,1.0
438,64.0,0,0.0,1.0,0.0,0.0,1.0
439,31.0,0,1.0,0.0,0.0,0.0,1.0
440,45.0,2,0.0,1.0,0.0,0.0,1.0
441,20.0,0,0.0,1.0,0.0,0.0,1.0
442,25.0,0,1.0,0.0,0.0,0.0,1.0
443,28.0,2,0.0,1.0,0.0,0.0,1.0
444,28.0,2,0.0,1.0,0.0,0.0,1.0
445,4.0,2,1.0,0.0,0.0,0.0,1.0
446,13.0,2,0.0,1.0,0.0,0.0,1.0
447,34.0,2,1.0,0.0,1.0,0.0,0.0
448,5.0,2,0.0,1.0,0.0,0.0,1.0
449,52.0,2,0.0,1.0,0.0,0.0,1.0
450,36.0,0,0.0,1.0,0.0,0.0,1.0
451,28.0,0,0.0,1.0,1.0,0.0,0.0
452,30.0,0,0.0,1.0,1.0,0.0,0.0
453,49.0,2,0.0,1.0,0.0,0.0,1.0
454,28.0,1,0.0,1.0,1.0,0.0,0.0
455,29.0,2,0.0,1.0,0.0,0.0,1.0
456,65.0,0,1.0,0.0,0.0,0.0,1.0
457,28.0,2,1.0,0.0,0.0,0.0,1.0
458,50.0,2,0.0,1.0,0.0,1.0,0.0
459,28.0,0,0.0,1.0,0.0,0.0,1.0
460,48.0,2,0.0,1.0,0.0,0.0,1.0
461,34.0,1,0.0,1.0,0.0,0.0,1.0
462,47.0,0,0.0,1.0,0.0,0.0,1.0
463,48.0,0,0.0,1.0,0.0,0.0,1.0
464,28.0,0,0.0,1.0,0.0,0.0,1.0
465,38.0,0,0.0,1.0,0.0,0.0,1.0
466,28.0,0,0.0,1.0,0.0,0.0,1.0
467,56.0,0,0.0,1.0,0.0,1.0,0.0
468,28.0,0,1.0,0.0,1.0,0.0,0.0
469,0.75,1,0.0,1.0,0.0,0.0,1.0
470,28.0,1,0.0,1.0,0.0,0.0,1.0
471,38.0,0,1.0,0.0,0.0,0.0,1.0
472,33.0,2,1.0,0.0,1.0,0.0,0.0
473,23.0,2,1.0,0.0,0.0,0.0,1.0
474,22.0,0,0.0,1.0,0.0,0.0,1.0
475,28.0,0,0.0,1.0,0.0,0.0,1.0
476,34.0,1,0.0,1.0,0.0,0.0,1.0
477,29.0,0,0.0,1.0,0.0,0.0,1.0
478,22.0,0,1.0,0.0,0.0,0.0,1.0
479,2.0,2,0.0,1.0,0.0,0.0,1.0
480,9.0,0,0.0,1.0,0.0,0.0,1.0
481,28.0,0,0.0,1.0,0.0,0.0,1.0
482,50.0,0,1.0,0.0,0.0,0.0,1.0
483,63.0,2,0.0,1.0,1.0,0.0,0.0
484,25.0,2,1.0,0.0,0.0,0.0,1.0
485,28.0,1,1.0,0.0,0.0,0.0,1.0
486,35.0,2,0.0,1.0,1.0,0.0,0.0
487,58.0,0,0.0,1.0,0.0,0.0,1.0
488,30.0,0,0.0,1.0,0.0,0.0,1.0
489,9.0,1,0.0,1.0,0.0,0.0,1.0
490,28.0,0,0.0,1.0,0.0,0.0,1.0
491,21.0,0,0.0,1.0,0.0,0.0,1.0
492,55.0,1,0.0,1.0,1.0,0.0,0.0
493,71.0,0,0.0,1.0,0.0,0.0,1.0
494,21.0,0,0.0,1.0,1.0,0.0,0.0
495,28.0,0,1.0,0.0,1.0,0.0,0.0
496,54.0,2,0.0,1.0,0.0,0.0,1.0
497,28.0,1,1.0,0.0,0.0,0.0,1.0
498,25.0,0,0.0,1.0,0.0,0.0,1.0
499,24.0,0,0.0,1.0,0.0,0.0,1.0
500,17.0,0,1.0,0.0,0.0,1.0,0.0
501,21.0,0,1.0,0.0,0.0,1.0,0.0
502,28.0,0,1.0,0.0,0.0,0.0,1.0
503,37.0,0,1.0,0.0,0.0,0.0,1.0
504,16.0,2,0.0,1.0,1.0,0.0,0.0
505,18.0,1,1.0,0.0,0.0,0.0,1.0
506,33.0,2,0.0,1.0,0.0,0.0,1.0
507,28.0,2,0.0,1.0,0.0,0.0,1.0
508,28.0,1,0.0,1.0,0.0,0.0,1.0
509,26.0,2,0.0,1.0,0.0,1.0,0.0
510,29.0,2,0.0,1.0,0.0,0.0,1.0
511,28.0,0,0.0,1.0,0.0,0.0,1.0
512,36.0,2,1.0,0.0,1.0,0.0,0.0
513,54.0,2,0.0,1.0,0.0,0.0,1.0
514,24.0,1,0.0,1.0,0.0,0.0,1.0
515,47.0,0,1.0,0.0,0.0,0.0,1.0
516,34.0,2,0.0,1.0,0.0,1.0,0.0
517,28.0,0,1.0,0.0,0.0,0.0,1.0
518,36.0,2,0.0,1.0,0.0,0.0,1.0
519,32.0,0,1.0,0.0,0.0,0.0,1.0
520,30.0,2,0.0,1.0,0.0,0.0,1.0
521,22.0,0,0.0,1.0,1.0,0.0,0.0
522,28.0,0,1.0,0.0,1.0,0.0,0.0
523,44.0,2,0.0,1.0,1.0,0.0,0.0
524,28.0,0,0.0,1.0,0.0,1.0,0.0
525,40.5,0,1.0,0.0,0.0,0.0,1.0
526,50.0,2,0.0,1.0,0.0,0.0,1.0
527,28.0,0,0.0,1.0,0.0,0.0,1.0
528,39.0,0,0.0,1.0,0.0,0.0,1.0
529,23.0,0,1.0,0.0,0.0,0.0,1.0
530,2.0,2,0.0,1.0,1.0,0.0,0.0
531,28.0,0,0.0,1.0,1.0,0.0,0.0
532,17.0,1,1.0,0.0,1.0,0.0,0.0
533,28.0,2,1.0,0.0,0.0,0.0,1.0
534,30.0,0,1.0,0.0,0.0,0.0,1.0
535,7.0,2,0.0,1.0,0.0,0.0,1.0
536,45.0,0,1.0,0.0,1.0,0.0,0.0
537,30.0,2,0.0,1.0,0.0,0.0,1.0
538,28.0,0,1.0,0.0,1.0,0.0,0.0
539,22.0,2,1.0,0.0,0.0,0.0,1.0
540,36.0,2,1.0,0.0,0.0,0.0,1.0
541,9.0,0,1.0,0.0,0.0,0.0,1.0
542,11.0,1,0.0,1.0,0.0,0.0,1.0
543,32.0,2,0.0,1.0,1.0,0.0,0.0
544,50.0,0,0.0,1.0,0.0,0.0,1.0
545,64.0,0,1.0,0.0,0.0,0.0,1.0
546,19.0,2,0.0,1.0,1.0,0.0,0.0
547,28.0,2,0.0,1.0,0.0,0.0,1.0
548,33.0,1,0.0,1.0,0.0,0.0,1.0
549,8.0,2,0.0,1.0,1.0,0.0,0.0
550,17.0,2,0.0,1.0,0.0,0.0,1.0
551,27.0,0,0.0,1.0,0.0,1.0,0.0
552,28.0,0,0.0,1.0,1.0,0.0,0.0
553,22.0,2,1.0,0.0,0.0,0.0,1.0
554,22.0,2,0.0,1.0,0.0,0.0,1.0
555,62.0,0,1.0,0.0,1.0,0.0,0.0
556,48.0,2,0.0,1.0,1.0,0.0,0.0
557,28.0,0,1.0,0.0,0.0,0.0,1.0
558,39.0,2,1.0,0.0,0.0,0.0,1.0
559,36.0,2,0.0,1.0,0.0,1.0,0.0
560,28.0,0,0.0,1.0,0.0,0.0,1.0
561,40.0,0,0.0,1.0,0.0,0.0,1.0
562,28.0,0,0.0,1.0,0.0,0.0,1.0
563,28.0,0,1.0,0.0,0.0,0.0,1.0
564,28.0,1,0.0,1.0,0.0,0.0,1.0
565,24.0,0,0.0,1.0,0.0,0.0,1.0
566,19.0,1,1.0,0.0,0.0,0.0,1.0
567,29.0,0,0.0,1.0,1.0,0.0,0.0
568,28.0,1,0.0,1.0,0.0,0.0,1.0
569,32.0,1,0.0,1.0,0.0,0.0,1.0
570,62.0,2,1.0,0.0,0.0,0.0,1.0
571,53.0,2,0.0,1.0,0.0,0.0,1.0
572,36.0,1,1.0,0.0,0.0,1.0,0.0
573,28.0,2,0.0,1.0,0.0,0.0,1.0
574,16.0,0,0.0,1.0,0.0,0.0,1.0
575,19.0,0,1.0,0.0,0.0,0.0,1.0
576,34.0,2,1.0,0.0,0.0,0.0,1.0
577,39.0,2,1.0,0.0,1.0,0.0,0.0
578,28.0,0,0.0,1.0,0.0,0.0,1.0
579,32.0,2,1.0,0.0,0.0,0.0,1.0
580,25.0,2,1.0,0.0,1.0,0.0,0.0
581,39.0,2,0.0,1.0,0.0,0.0,1.0
582,54.0,0,0.0,1.0,1.0,0.0,0.0
583,36.0,0,0.0,1.0,1.0,0.0,0.0
584,28.0,0,1.0,0.0,0.0,0.0,1.0
585,18.0,2,0.0,1.0,0.0,0.0,1.0
586,47.0,0,0.0,1.0,1.0,0.0,0.0
587,60.0,2,0.0,1.0,0.0,0.0,1.0
588,22.0,1,0.0,1.0,0.0,0.0,1.0
589,28.0,0,0.0,1.0,0.0,0.0,1.0
590,35.0,0,1.0,0.0,1.0,0.0,0.0
591,52.0,2,0.0,1.0,0.0,0.0,1.0
592,47.0,0,1.0,0.0,0.0,1.0,0.0
593,28.0,0,0.0,1.0,0.0,0.0,1.0
594,37.0,0,0.0,1.0,0.0,0.0,1.0
595,36.0,0,1.0,0.0,0.0,0.0,1.0
596,28.0,2,0.0,1.0,0.0,0.0,1.0
597,49.0,0,0.0,1.0,1.0,0.0,0.0
598,28.0,0,0.0,1.0,1.0,0.0,0.0
599,49.0,2,1.0,0.0,0.0,0.0,1.0
600,24.0,2,0.0,1.0,0.0,0.0,1.0
601,28.0,0,0.0,1.0,0.0,0.0,1.0
602,28.0,0,0.0,1.0,0.0,0.0,1.0
603,44.0,0,0.0,1.0,1.0,0.0,0.0
604,35.0,2,0.0,1.0,0.0,0.0,1.0
605,36.0,0,0.0,1.0,0.0,0.0,1.0
606,30.0,1,0.0,1.0,0.0,0.0,1.0
607,27.0,2,1.0,0.0,1.0,0.0,0.0
608,22.0,2,1.0,0.0,0.0,0.0,1.0
609,40.0,1,1.0,0.0,0.0,0.0,1.0
610,39.0,0,0.0,1.0,0.0,0.0,1.0
611,28.0,0,1.0,0.0,0.0,1.0,0.0
612,28.0,2,0.0,1.0,0.0,1.0,0.0
613,28.0,0,0.0,1.0,0.0,0.0,1.0
614,35.0,0,1.0,0.0,0.0,0.0,1.0
615,24.0,1,0.0,1.0,0.0,0.0,1.0
616,34.0,0,1.0,0.0,0.0,0.0,1.0
617,26.0,0,1.0,0.0,0.0,0.0,1.0
618,4.0,2,0.0,1.0,0.0,0.0,1.0
619,26.0,0,0.0,1.0,1.0,0.0,0.0
620,27.0,0,0.0,1.0,0.0,0.0,1.0
621,42.0,2,0.0,1.0,1.0,0.0,0.0
622,20.0,2,0.0,1.0,0.0,0.0,1.0
623,21.0,0,0.0,1.0,0.0,0.0,1.0
624,21.0,0,0.0,1.0,0.0,0.0,1.0
625,61.0,0,0.0,1.0,0.0,1.0,0.0
626,57.0,1,1.0,0.0,0.0,0.0,1.0
627,21.0,2,0.0,1.0,0.0,0.0,1.0
628,26.0,1,0.0,1.0,0.0,1.0,0.0
629,28.0,0,0.0,1.0,0.0,0.0,1.0
630,80.0,1,0.0,1.0,0.0,0.0,1.0
631,51.0,0,0.0,1.0,1.0,0.0,0.0
632,32.0,2,0.0,1.0,0.0,0.0,1.0
633,28.0,0,1.0,0.0,0.0,0.0,1.0
634,9.0,0,1.0,0.0,0.0,0.0,1.0
635,28.0,2,0.0,1.0,0.0,0.0,1.0
636,32.0,0,0.0,1.0,0.0,0.0,1.0
637,31.0,0,1.0,0.0,0.0,0.0,1.0
638,41.0,0,0.0,1.0,0.0,0.0,1.0
639,28.0,0,0.0,1.0,0.0,0.0,1.0
640,20.0,0,1.0,0.0,1.0,0.0,0.0
641,24.0,2,1.0,0.0,0.0,0.0,1.0
642,2.0,0,0.0,1.0,0.0,0.0,1.0
643,28.0,2,1.0,0.0,1.0,0.0,0.0
644,0.75,2,0.0,1.0,1.0,0.0,0.0
645,48.0,2,0.0,1.0,0.0,0.0,1.0
646,19.0,1,0.0,1.0,1.0,0.0,0.0
647,56.0,2,0.0,1.0,0.0,0.0,1.0
648,28.0,0,1.0,0.0,0.0,0.0,1.0
649,23.0,2,0.0,1.0,0.0,0.0,1.0
650,28.0,0,1.0,0.0,0.0,0.0,1.0
651,18.0,2,0.0,1.0,0.0,0.0,1.0
652,21.0,0,1.0,0.0,0.0,1.0,0.0
653,28.0,2,1.0,0.0,0.0,1.0,0.0
654,18.0,0,0.0,1.0,0.0,0.0,1.0
655,24.0,0,0.0,1.0,0.0,0.0,1.0
656,28.0,0,1.0,0.0,0.0,1.0,0.0
657,32.0,0,0.0,1.0,0.0,0.0,1.0
658,23.0,0,0.0,1.0,1.0,0.0,0.0
659,58.0,0,0.0,1.0,0.0,0.0,1.0
660,50.0,1,0.0,1.0,1.0,0.0,0.0
661,40.0,0,0.0,1.0,0.0,0.0,1.0
662,47.0,0,0.0,1.0,0.0,0.0,1.0
663,36.0,0,0.0,1.0,0.0,0.0,1.0
664,20.0,2,0.0,1.0,0.0,0.0,1.0
665,32.0,0,0.0,1.0,0.0,0.0,1.0
666,25.0,0,0.0,1.0,0.0,0.0,1.0
667,28.0,0,0.0,1.0,0.0,0.0,1.0
668,43.0,0,1.0,0.0,0.0,0.0,1.0
669,28.0,2,1.0,0.0,0.0,0.0,1.0
670,40.0,2,0.0,1.0,0.0,0.0,1.0
671,31.0,0,0.0,1.0,0.0,0.0,1.0
672,70.0,0,0.0,1.0,0.0,0.0,1.0
673,31.0,2,0.0,1.0,0.0,0.0,1.0
674,28.0,0,0.0,1.0,0.0,0.0,1.0
675,18.0,0,0.0,1.0,0.0,0.0,1.0
676,24.5,0,1.0,0.0,0.0,0.0,1.0
677,18.0,2,1.0,0.0,0.0,0.0,1.0
678,43.0,0,0.0,1.0,1.0,0.0,0.0
679,36.0,2,1.0,0.0,0.0,1.0,0.0
680,28.0,0,0.0,1.0,1.0,0.0,0.0
681,27.0,2,0.0,1.0,0.0,0.0,1.0
682,20.0,0,0.0,1.0,0.0,0.0,1.0
683,14.0,0,0.0,1.0,0.0,0.0,1.0
684,60.0,0,0.0,1.0,1.0,0.0,0.0
685,25.0,0,0.0,1.0,0.0,0.0,1.0
686,14.0,0,0.0,1.0,0.0,0.0,1.0
687,19.0,0,0.0,1.0,0.0,0.0,1.0
688,18.0,0,1.0,0.0,0.0,0.0,1.0
689,15.0,2,0.0,1.0,0.0,0.0,1.0
690,31.0,2,1.0,0.0,1.0,0.0,0.0
691,4.0,2,0.0,1.0,0.0,0.0,1.0
692,28.0,2,0.0,1.0,1.0,0.0,0.0
693,25.0,1,0.0,1.0,0.0,0.0,1.0
694,60.0,1,0.0,1.0,0.0,0.0,1.0
695,52.0,1,0.0,1.0,0.0,0.0,1.0
696,44.0,1,1.0,0.0,0.0,1.0,0.0
697,28.0,2,0.0,1.0,1.0,0.0,0.0
698,49.0,0,0.0,1.0,0.0,0.0,1.0
699,42.0,0,1.0,0.0,1.0,0.0,0.0
700,18.0,2,0.0,1.0,0.0,0.0,1.0
701,35.0,2,1.0,0.0,1.0,0.0,0.0
702,18.0,0,0.0,1.0,0.0,1.0,0.0
703,25.0,0,0.0,1.0,0.0,0.0,1.0
704,26.0,0,0.0,1.0,0.0,0.0,1.0
705,39.0,0,1.0,0.0,0.0,0.0,1.0
706,45.0,1,0.0,1.0,0.0,0.0,1.0
707,42.0,2,1.0,0.0,0.0,0.0,1.0
708,22.0,2,0.0,1.0,1.0,0.0,0.0
709,28.0,2,1.0,0.0,1.0,0.0,0.0
710,24.0,2,0.0,1.0,0.0,0.0,1.0
711,28.0,0,0.0,1.0,0.0,0.0,1.0
712,48.0,1,0.0,1.0,0.0,0.0,1.0
713,29.0,0,0.0,1.0,0.0,0.0,1.0
714,52.0,1,0.0,1.0,0.0,0.0,1.0
715,19.0,1,1.0,0.0,1.0,0.0,0.0
716,38.0,2,1.0,0.0,0.0,0.0,1.0
717,27.0,1,0.0,1.0,0.0,1.0,0.0
718,28.0,0,0.0,1.0,0.0,0.0,1.0
719,33.0,0,1.0,0.0,0.0,0.0,1.0
720,6.0,2,0.0,1.0,0.0,0.0,1.0
721,17.0,0,0.0,1.0,0.0,0.0,1.0
722,34.0,0,0.0,1.0,0.0,0.0,1.0
723,50.0,0,0.0,1.0,0.0,0.0,1.0
724,27.0,2,0.0,1.0,0.0,0.0,1.0
725,20.0,0,1.0,0.0,0.0,0.0,1.0
726,30.0,2,1.0,0.0,0.0,1.0,0.0
727,28.0,2,0.0,1.0,0.0,0.0,1.0
728,25.0,1,1.0,0.0,0.0,0.0,1.0
729,25.0,1,1.0,0.0,0.0,0.0,1.0
730,29.0,2,0.0,1.0,1.0,0.0,0.0
731,11.0,0,0.0,1.0,0.0,0.0,1.0
732,28.0,1,0.0,1.0,0.0,0.0,1.0
733,23.0,0,0.0,1.0,0.0,0.0,1.0
734,23.0,0,0.0,1.0,0.0,0.0,1.0
735,28.5,0,1.0,0.0,0.0,0.0,1.0
736,48.0,0,0.0,1.0,1.0,0.0,0.0
737,35.0,2,0.0,1.0,0.0,0.0,1.0
738,28.0,0,0.0,1.0,0.0,0.0,1.0
739,28.0,0,0.0,1.0,0.0,0.0,1.0
740,28.0,2,0.0,1.0,0.0,0.0,1.0
741,36.0,0,1.0,0.0,1.0,0.0,0.0
742,21.0,2,0.0,1.0,0.0,0.0,1.0
743,24.0,0,0.0,1.0,0.0,0.0,1.0
744,31.0,2,0.0,1.0,0.0,0.0,1.0
745,70.0,0,0.0,1.0,0.0,0.0,1.0
746,16.0,0,1.0,0.0,0.0,0.0,1.0
747,30.0,2,0.0,1.0,0.0,0.0,1.0
748,19.0,0,0.0,1.0,0.0,1.0,0.0
749,31.0,0,1.0,0.0,0.0,0.0,1.0
750,4.0,2,0.0,1.0,0.0,0.0,1.0
751,6.0,2,0.0,1.0,0.0,0.0,1.0
752,33.0,1,0.0,1.0,0.0,0.0,1.0
753,23.0,0,1.0,0.0,0.0,0.0,1.0
754,48.0,2,0.0,1.0,0.0,0.0,1.0
755,0.67,2,0.0,1.0,0.0,0.0,1.0
756,28.0,0,0.0,1.0,0.0,0.0,1.0
757,18.0,0,0.0,1.0,0.0,0.0,1.0
758,34.0,0,1.0,0.0,0.0,0.0,1.0
759,33.0,2,0.0,1.0,0.0,0.0,1.0
760,28.0,0,0.0,1.0,0.0,0.0,1.0
761,41.0,0,0.0,1.0,1.0,0.0,0.0
762,20.0,2,1.0,0.0,0.0,0.0,1.0
763,36.0,2,0.0,1.0,0.0,0.0,1.0
764,16.0,0,1.0,0.0,0.0,0.0,1.0
765,51.0,2,0.0,1.0,1.0,0.0,0.0
766,28.0,0,1.0,0.0,0.0,1.0,0.0
767,30.5,0,0.0,1.0,0.0,1.0,0.0
768,28.0,0,0.0,1.0,0.0,0.0,1.0
769,32.0,0,0.0,1.0,0.0,0.0,1.0
770,24.0,0,0.0,1.0,0.0,0.0,1.0
771,48.0,1,1.0,0.0,0.0,0.0,1.0
772,57.0,0,0.0,1.0,1.0,0.0,0.0
773,28.0,0,1.0,0.0,0.0,0.0,1.0
774,54.0,1,0.0,1.0,0.0,0.0,1.0
775,18.0,1,0.0,1.0,0.0,1.0,0.0
776,28.0,0,1.0,0.0,0.0,0.0,1.0
777,5.0,2,0.0,1.0,0.0,1.0,0.0
778,28.0,0,1.0,0.0,0.0,0.0,1.0
779,43.0,2,1.0,0.0,1.0,0.0,0.0
780,13.0,2,1.0,0.0,0.0,0.0,1.0
781,17.0,2,0.0,1.0,0.0,0.0,1.0
782,29.0,0,0.0,1.0,0.0,0.0,1.0
783,28.0,0,0.0,1.0,0.0,0.0,1.0
784,25.0,0,0.0,1.0,0.0,0.0,1.0
785,25.0,0,1.0,0.0,0.0,0.0,1.0
786,18.0,2,0.0,1.0,0.0,1.0,0.0
787,8.0,0,0.0,1.0,0.0,0.0,1.0
788,1.0,2,0.0,1.0,1.0,0.0,0.0
789,46.0,0,0.0,1.0,0.0,1.0,0.0
790,28.0,0,0.0,1.0,0.0,0.0,1.0
791,16.0,0,1.0,0.0,0.0,0.0,1.0
792,28.0,0,0.0,1.0,1.0,0.0,0.0
793,28.0,0,0.0,1.0,0.0,0.0,1.0
794,25.0,0,0.0,1.0,0.0,0.0,1.0
795,39.0,0,1.0,0.0,0.0,0.0,1.0
796,49.0,2,1.0,0.0,0.0,0.0,1.0
797,31.0,2,0.0,1.0,1.0,0.0,0.0
798,30.0,0,1.0,0.0,0.0,0.0,1.0
799,30.0,0,0.0,1.0,0.0,0.0,1.0
800,34.0,0,1.0,0.0,0.0,0.0,1.0
801,31.0,2,0.0,1.0,0.0,0.0,1.0
802,11.0,2,0.0,1.0,1.0,0.0,0.0
803,0.42,2,0.0,1.0,0.0,0.0,1.0
804,27.0,2,0.0,1.0,0.0,0.0,1.0
805,31.0,0,0.0,1.0,0.0,0.0,1.0
806,39.0,0,1.0,0.0,0.0,0.0,1.0
807,18.0,0,0.0,1.0,0.0,0.0,1.0
808,39.0,0,1.0,0.0,0.0,0.0,1.0
809,33.0,2,0.0,1.0,0.0,0.0,1.0
810,26.0,0,0.0,1.0,0.0,0.0,1.0
811,39.0,1,0.0,1.0,0.0,0.0,1.0
812,35.0,0,1.0,0.0,0.0,0.0,1.0
813,6.0,1,0.0,1.0,0.0,0.0,1.0
814,30.5,0,0.0,1.0,0.0,0.0,1.0
815,28.0,0,1.0,0.0,0.0,0.0,1.0
816,23.0,0,0.0,1.0,1.0,0.0,0.0
817,31.0,0,0.0,1.0,0.0,0.0,1.0
818,43.0,0,0.0,1.0,0.0,0.0,1.0
819,10.0,0,1.0,0.0,0.0,0.0,1.0
820,52.0,2,0.0,1.0,0.0,0.0,1.0
821,27.0,2,0.0,1.0,0.0,0.0,1.0
822,38.0,0,1.0,0.0,0.0,0.0,1.0
823,27.0,2,0.0,1.0,0.0,0.0,1.0
824,2.0,0,0.0,1.0,0.0,1.0,0.0
825,28.0,0,0.0,1.0,0.0,0.0,1.0
826,28.0,0,0.0,1.0,1.0,0.0,0.0
827,1.0,2,0.0,1.0,0.0,1.0,0.0
828,28.0,2,1.0,0.0,1.0,0.0,0.0
830,15.0,2,0.0,1.0,1.0,0.0,0.0
831,0.83,2,0.0,1.0,0.0,0.0,1.0
832,28.0,0,0.0,1.0,0.0,0.0,1.0
833,23.0,0,1.0,0.0,1.0,0.0,0.0
834,18.0,0,0.0,1.0,0.0,0.0,1.0
835,39.0,2,0.0,1.0,0.0,0.0,1.0
836,21.0,0,0.0,1.0,0.0,0.0,1.0
837,28.0,0,0.0,1.0,1.0,0.0,0.0
838,32.0,2,0.0,1.0,0.0,0.0,1.0
839,28.0,2,0.0,1.0,0.0,0.0,1.0
840,20.0,0,1.0,0.0,1.0,0.0,0.0
841,16.0,0,0.0,1.0,1.0,0.0,0.0
842,30.0,2,0.0,1.0,0.0,0.0,1.0
843,34.5,0,0.0,1.0,0.0,0.0,1.0
844,17.0,0,0.0,1.0,0.0,0.0,1.0
845,42.0,1,0.0,1.0,1.0,0.0,0.0
846,28.0,0,0.0,1.0,0.0,0.0,1.0
847,35.0,0,1.0,0.0,1.0,0.0,0.0
848,28.0,0,0.0,1.0,0.0,0.0,1.0
849,28.0,1,0.0,1.0,0.0,0.0,1.0
850,4.0,1,1.0,0.0,1.0,0.0,0.0
851,74.0,0,1.0,0.0,0.0,0.0,1.0
852,9.0,1,1.0,0.0,0.0,0.0,1.0
853,16.0,2,1.0,0.0,0.0,0.0,1.0
854,44.0,0,1.0,0.0,0.0,0.0,1.0
855,18.0,2,0.0,1.0,0.0,0.0,1.0
856,45.0,2,1.0,0.0,1.0,0.0,0.0
857,51.0,2,0.0,1.0,1.0,0.0,0.0
858,24.0,2,0.0,1.0,0.0,0.0,1.0
859,28.0,0,0.0,1.0,0.0,0.0,1.0
860,41.0,0,1.0,0.0,0.0,0.0,1.0
861,21.0,0,1.0,0.0,0.0,0.0,1.0
862,48.0,2,0.0,1.0,0.0,0.0,1.0
863,28.0,0,1.0,0.0,0.0,0.0,1.0
864,24.0,1,1.0,0.0,1.0,0.0,0.0
865,42.0,1,0.0,1.0,0.0,0.0,1.0
866,27.0,1,0.0,1.0,0.0,0.0,1.0
867,31.0,0,0.0,1.0,0.0,0.0,1.0
868,28.0,0,0.0,1.0,0.0,0.0,1.0
869,4.0,2,1.0,0.0,0.0,0.0,1.0
870,26.0,0,0.0,1.0,0.0,0.0,1.0
871,47.0,1,0.0,1.0,0.0,0.0,1.0
872,33.0,0,1.0,0.0,1.0,0.0,0.0
873,47.0,0,1.0,0.0,1.0,0.0,0.0
874,28.0,2,0.0,1.0,0.0,0.0,1.0
875,15.0,2,0.0,1.0,0.0,0.0,1.0
876,20.0,0,0.0,1.0,0.0,0.0,1.0
877,19.0,0,1.0,0.0,1.0,0.0,0.0
878,28.0,0,1.0,0.0,0.0,0.0,1.0
879,56.0,2,0.0,1.0,0.0,0.0,1.0
880,25.0,2,1.0,0.0,0.0,0.0,1.0
881,33.0,0,0.0,1.0,0.0,0.0,1.0
882,22.0,0,0.0,1.0,0.0,0.0,1.0
883,28.0,1,1.0,0.0,0.0,1.0,0.0
884,25.0,0,0.0,1.0,0.0,0.0,1.0
885,39.0,0,1.0,0.0,0.0,0.0,1.0
886,27.0,0,1.0,0.0,0.0,0.0,1.0
887,19.0,2,0.0,1.0,1.0,0.0,0.0
888,28.0,0,0.0,1.0,0.0,1.0,0.0
